     0/299     2.14G   0.07422   0.04026   0.02306    0.1375        85       640   0.07862      0.42    0.1253   0.02735   0.08304   0.02689   0.02169
     1/299     3.11G   0.05821   0.03156   0.01384    0.1036       101       640   0.03347    0.4873   0.06312   0.01232   0.09033   0.08445   0.02478
     2/299     3.11G   0.05438   0.03061  0.009202    0.0942        72       640   0.06822     0.619    0.3686    0.1053   0.06093   0.04746   0.03479
     3/299     3.11G   0.05196   0.03209  0.009154   0.09321        83       640   0.02376    0.6088    0.3193   0.09602   0.06978   0.07384  0.009922
     4/299     3.11G   0.05324   0.03213  0.008179   0.09355        56       640   0.08536    0.6855    0.4342    0.1406    0.0585   0.06253   0.02065
     5/299     3.11G   0.05169   0.03091  0.008635   0.09123       123       640   0.06981    0.8133    0.5529    0.2166   0.05366   0.04403   0.01059
     6/299     3.11G   0.05073   0.03266  0.009167   0.09256        76       640   0.06071    0.7244    0.4956    0.1688   0.05845   0.04186   0.01007
     7/299     3.11G   0.05059   0.03161  0.008801     0.091        91       640    0.0642    0.6681    0.3676    0.1425   0.05772    0.0379   0.01442
     8/299     3.11G   0.04921    0.0304  0.008671   0.08828       103       640    0.1892    0.7624     0.596    0.2528   0.04924   0.02549  0.009411
     9/299     3.11G   0.04989   0.03227   0.00814    0.0903        96       640   0.08223    0.7582    0.6003    0.2614   0.05033   0.03644  0.007433
    10/299     3.11G   0.04869   0.03041  0.008477   0.08758        90       640   0.02644    0.5017    0.2801    0.1048   0.07422   0.06752   0.01448
    11/299     3.11G   0.04849   0.03102  0.007132   0.08664       154       640    0.1444    0.8313      0.68    0.2964   0.04752   0.02903  0.006109
    12/299     3.11G   0.04724   0.03046  0.007598   0.08531        61       640   0.07483    0.3097    0.1077   0.03544    0.1013   0.07992    0.6842
    13/299     3.11G   0.04814   0.03163  0.008134    0.0879        80       640    0.2341     0.755      0.52    0.2359   0.04607   0.05144  0.007843
    14/299     3.11G     0.047   0.03016  0.007371   0.08453        94       640    0.1871    0.7916    0.6468    0.2813   0.04711   0.02481  0.005879
    15/299     3.11G   0.04666   0.03158  0.008765   0.08701       103       640    0.0759    0.8619    0.5569    0.2502   0.04865   0.04684    0.0122
    16/299     3.11G   0.04851   0.03081  0.007977   0.08729        46       640    0.2756    0.7309    0.6295    0.2639   0.04847   0.02296  0.009478
    17/299     3.11G    0.0477   0.03086  0.006694   0.08526        52       640    0.1817    0.7916    0.4606    0.1509   0.05356   0.02252  0.007172
    18/299     3.11G   0.04589   0.03023  0.007252   0.08337        99       640    0.2465    0.8098    0.7289    0.3486   0.04403   0.02209  0.005817
    19/299     3.11G   0.04391   0.02875   0.00676   0.07942        89       640     0.287    0.8052    0.7103    0.3021   0.04593   0.02268  0.005156
    20/299     3.11G   0.04498   0.02954  0.006744   0.08126        92       640     0.351    0.7955    0.7129    0.3316   0.04508   0.02109  0.005469
    21/299     3.11G   0.04418   0.02924  0.005926   0.07935        72       640    0.3998    0.7557    0.6943    0.3262   0.04573   0.02107  0.005943
    22/299     3.11G   0.04411   0.02844  0.005922   0.07847        68       640     0.493    0.7516     0.726    0.3599    0.0437   0.02072  0.006283
    23/299     3.11G   0.04258    0.0288  0.005692   0.07707       103       640    0.3435    0.7937    0.7167    0.3389   0.04285   0.02162   0.00518
    24/299     3.11G   0.04226   0.02985  0.005667   0.07778       113       640    0.4399    0.7892    0.7289    0.3514   0.04356   0.02011    0.0056
    25/299     3.11G   0.04192   0.02749  0.006782   0.07619        63       640    0.4015    0.7566    0.6946    0.3234    0.0451   0.02144   0.00946
    26/299     3.11G    0.0435   0.02887  0.006009   0.07838       116       640     0.483    0.7504    0.7215    0.3631   0.04223    0.0202  0.008187
    27/299     3.11G   0.04225   0.02861  0.005894   0.07675        73       640    0.4341    0.8003    0.7252    0.3661   0.04157   0.02026  0.006714
    28/299     3.11G   0.04101   0.02728  0.005977   0.07427        63       640    0.5543    0.7765    0.7637    0.3866   0.04144    0.0195  0.006703
    29/299     3.11G   0.04231   0.02847  0.006628   0.07741        59       640    0.3665    0.8022    0.7084    0.3564   0.04265    0.0209  0.007844
    30/299     3.11G   0.04318   0.02764  0.006428   0.07725        92       640     0.407    0.8362    0.7747    0.3461   0.04356   0.02087  0.004054
    31/299     3.11G   0.04209   0.02911  0.005249   0.07646        70       640    0.4711    0.8187    0.7517    0.3317   0.04285   0.01939  0.004558
    32/299     3.11G   0.04225   0.02859  0.005679   0.07652       103       640    0.3299    0.7978    0.7319    0.3529   0.04377   0.02133  0.004593
    33/299     3.11G   0.04127   0.02813  0.006105    0.0755        91       640    0.2938    0.7921    0.7373    0.3638    0.0436   0.02359  0.005686
    34/299     3.11G   0.04169   0.02858  0.005689   0.07597        70       640    0.4552    0.7874    0.7426    0.3583    0.0424   0.01988  0.004862
    35/299     3.11G   0.04174   0.02694  0.005435   0.07411       100       640    0.5553    0.7844     0.763    0.3741   0.04188   0.01974  0.007598
    36/299     3.11G   0.04346   0.02778  0.006115   0.07735        60       640    0.3856    0.8295    0.7766    0.3615   0.04038   0.01957  0.004351
    37/299     3.11G   0.04266   0.03002  0.005772   0.07845       106       640    0.5929     0.733    0.7344    0.3732    0.0415   0.02113   0.00537
    38/299     3.11G   0.04116   0.02836  0.006819   0.07634        89       640     0.473    0.8262    0.7688    0.3821   0.04028    0.0197  0.005108
    39/299     3.11G   0.04119   0.02754  0.005701   0.07443       101       640     0.328    0.7761    0.7203    0.3363   0.04307   0.02155  0.005661
    40/299     3.11G   0.04159   0.02701  0.005853   0.07446        56       640    0.3279     0.836    0.7519    0.3772   0.04132   0.02116  0.004396
    41/299     3.11G   0.04061   0.02839  0.006015   0.07502        55       640    0.4803    0.8103    0.7755    0.4076   0.03876   0.01937  0.004206
    42/299     3.11G   0.04004   0.02762  0.005412   0.07307        82       640    0.6465    0.7456    0.7555    0.3724   0.04215   0.02143  0.005731
    43/299     3.11G   0.04028   0.02725   0.00549   0.07302        59       640     0.494    0.7873    0.7433    0.3805   0.04012   0.01984  0.005792
    44/299     3.11G   0.04017   0.02714  0.005764   0.07308        89       640    0.3895    0.8467     0.775    0.4076   0.04003   0.01981  0.004215
    45/299     3.11G   0.04005   0.02957  0.005046   0.07466        83       640    0.5877    0.8007    0.7802    0.4088   0.03851   0.01915  0.004666
    46/299     3.11G   0.03963    0.0267   0.00495   0.07128        57       640    0.5173    0.7818    0.7642    0.3912   0.04007   0.01974  0.008058
    47/299     3.11G   0.03884   0.02726  0.004785   0.07089        53       640    0.4003    0.7936    0.7477    0.3755    0.0409   0.02062  0.009012
    48/299     3.11G    0.0417   0.02748  0.004843   0.07402        95       640     0.347    0.8567    0.7882    0.4127   0.03936   0.02052  0.004513
    49/299     3.11G    0.0395   0.02724  0.004859   0.07159        68       640    0.6817    0.7691    0.7716    0.4036   0.03927   0.01948  0.005472
    50/299     3.11G   0.04015   0.02841  0.005614   0.07417        81       640    0.4801    0.8147    0.7689    0.3997    0.0402    0.0189  0.004374
    51/299     3.11G   0.04019   0.02793  0.005493   0.07362       134       640    0.6021    0.7824    0.7821    0.4096   0.03885   0.01942  0.004474
    52/299     3.11G   0.03999   0.02759  0.005057   0.07263        90       640    0.5243    0.8319    0.8015    0.4157   0.03989   0.01887  0.003266
    53/299     3.11G   0.04079   0.02831  0.005036   0.07414       109       640      0.49     0.779    0.7581    0.3866   0.04048   0.01948  0.006929
    54/299     3.11G   0.04049   0.02814  0.005488   0.07412       105       640    0.6505    0.7842    0.7855    0.4167   0.03902   0.01944  0.004956
    55/299     3.11G   0.04125   0.02837  0.005244   0.07486        70       640    0.4626    0.8453    0.8009    0.4085   0.03878   0.01917  0.004113
    56/299     3.11G   0.04002   0.02636  0.005111   0.07149        42       640    0.5281     0.827    0.7893     0.418   0.03885   0.01901  0.004213
    57/299     3.11G   0.03941   0.02699  0.004807   0.07121        56       640    0.4802    0.7959    0.7598    0.3827   0.04159   0.01972  0.004528
    58/299     3.11G   0.03934   0.02615  0.004799   0.07029       133       640    0.5521    0.7951    0.7632    0.4023   0.03971   0.01927  0.005015
    59/299     3.11G   0.03908   0.02796  0.005211   0.07226       152       640    0.3919    0.8419    0.7775     0.414   0.03886   0.01959  0.005479
    60/299     3.11G   0.03957   0.02622  0.004983   0.07078       107       640    0.6151    0.7899    0.7883    0.4134   0.03967   0.01916  0.003859
    61/299     3.11G   0.03895    0.0267  0.004928   0.07058        52       640    0.3901    0.8012    0.7268    0.3141   0.04288   0.01998  0.005265
    62/299     3.11G   0.04002   0.02889  0.005504   0.07442        88       640    0.5129    0.8012    0.7703     0.412   0.03943   0.01963  0.005895
    63/299     3.11G   0.04047   0.02678  0.004485   0.07173       112       640     0.615    0.7847    0.7746    0.3909   0.03933   0.01904  0.005604
    64/299     3.11G    0.0408   0.02645  0.004213   0.07147        83       640     0.498    0.8408    0.7986    0.3926   0.03918   0.01868  0.004086
    65/299     3.11G     0.039   0.02825  0.004665   0.07192       140       640    0.4539    0.8259    0.7851    0.4166   0.03807   0.01894  0.004339
    66/299     3.11G   0.03867   0.02615  0.004268   0.06908        92       640    0.6035    0.7947     0.786    0.4059   0.03904   0.01839  0.007222
    67/299     3.11G   0.03865   0.02766  0.004728   0.07104        79       640    0.5458    0.8023    0.7604     0.395   0.04066   0.01928  0.004122
    68/299     3.11G   0.03985   0.02891  0.005746   0.07451       100       640    0.5154    0.8082     0.766      0.39    0.0403   0.01935  0.005668
    69/299     3.11G   0.03943   0.02729  0.005138   0.07186       116       640    0.5874     0.805    0.7695    0.3986   0.03979   0.01937  0.004431
    70/299     3.11G   0.03875   0.02674  0.004942   0.07044       103       640    0.5352    0.7964    0.7694    0.4013   0.03863   0.01905  0.004885
    71/299     3.11G    0.0389   0.02528  0.004816     0.069        59       640    0.3853    0.8249    0.7672    0.3944   0.04139   0.02167  0.004706
    72/299     3.11G    0.0388   0.02776  0.004326   0.07088        77       640    0.4832    0.8548    0.8131    0.4379     0.038   0.01898  0.003176
    73/299     3.11G   0.03928   0.02655  0.004553   0.07039        62       640    0.6645    0.7953    0.7925    0.4161   0.03922   0.01911  0.004604
    74/299     3.11G   0.03836   0.02719   0.00439   0.06994       114       640    0.5733    0.8277    0.8057    0.4312   0.03784    0.0185  0.005394
    75/299     3.11G   0.03784   0.02515  0.004235   0.06723        86       640    0.6077    0.7451    0.7415    0.3844   0.03962   0.01924  0.009228
    76/299     3.11G   0.03879   0.02667  0.005393   0.07085        67       640    0.6092    0.7814    0.7568     0.405   0.03958   0.01904  0.004777
    77/299     3.11G   0.03842   0.02661  0.005073   0.07011        80       640    0.5974    0.8106    0.7882    0.4168   0.03919   0.01894  0.003381
    78/299     3.11G   0.03895   0.02571  0.004919   0.06957        50       640    0.3908     0.802    0.7649    0.3911   0.04055   0.02087  0.007685
    79/299     3.11G   0.03888   0.02775  0.004589   0.07122        78       640     0.356    0.8557    0.7944    0.4259   0.03828   0.02033  0.004013
    80/299     3.11G   0.03826   0.02645  0.004598    0.0693        76       640    0.4362    0.8204    0.7746    0.4088   0.03782   0.02028  0.003906
    81/299     3.11G   0.03834   0.02593  0.004641   0.06891       121       640    0.4319    0.8359    0.7829    0.4178    0.0386   0.01923  0.003737
    82/299     3.11G   0.03853   0.02741  0.005147   0.07108        82       640    0.4946    0.7628     0.736    0.3918    0.0393   0.01985  0.007155
    83/299     3.11G   0.03744   0.02622   0.00414    0.0678        64       640     0.722    0.7738    0.7863    0.4276   0.03824   0.01961  0.004665
    84/299     3.11G   0.03785   0.02684  0.004549   0.06923       116       640    0.4645    0.8438    0.7985    0.4367   0.03787   0.01894  0.004256
    85/299     3.11G   0.03912    0.0273  0.004768   0.07119        74       640     0.534    0.8481    0.8177    0.4394   0.03673   0.01845  0.003349
    86/299     3.11G   0.03813    0.0258  0.004597   0.06854       136       640    0.3774    0.8475    0.6909    0.3114   0.04175   0.01913  0.002758
    87/299     3.11G   0.03914   0.02708  0.004731   0.07096        74       640     0.488    0.8209    0.8011    0.4167   0.03999   0.02037  0.007572
    88/299     3.11G    0.0382   0.02784  0.005037   0.07108       122       640    0.6084    0.8203    0.8088    0.4338     0.037   0.01852  0.003898
    89/299     3.11G   0.03721   0.02572  0.004095   0.06702        75       640    0.6049    0.8281    0.8168    0.4339   0.03748   0.01811  0.004076
    90/299     3.11G   0.03696   0.02613  0.003945   0.06703        65       640    0.5559    0.8214    0.8075    0.4311    0.0378   0.01821  0.003772
    91/299     3.11G   0.03768    0.0264  0.004417    0.0685       122       640    0.5716    0.8112    0.7985    0.4118   0.03884   0.01886  0.005366
    92/299     3.11G   0.03723   0.02481  0.004186   0.06622       113       640    0.5124    0.7759      0.74    0.3755   0.03987   0.02045  0.005627
    93/299     3.11G    0.0383   0.02586  0.004796   0.06895        92       640    0.6173     0.791    0.7712    0.3951   0.03881    0.0192  0.004403
    94/299     3.11G   0.03862    0.0269  0.004593   0.07011        63       640    0.4858    0.8152    0.7848    0.4064   0.03893   0.01904  0.006061
    95/299     3.11G   0.03848   0.02675  0.004591   0.06982       110       640    0.5658    0.8323    0.8118    0.4436   0.03698   0.01812  0.004275
    96/299     3.11G   0.03744   0.02617   0.00428   0.06788        64       640     0.576     0.819    0.8013    0.4373   0.03705   0.01858  0.002903
    97/299     3.11G   0.03796   0.02646  0.004674   0.06909       157       640    0.6605    0.7938    0.7846    0.4342   0.03701   0.01898  0.004146
    98/299     3.11G   0.03779   0.02528  0.004527    0.0676       102       640    0.5046    0.8335    0.8001    0.4134   0.03845     0.019  0.004874
    99/299     3.11G   0.03772   0.02668  0.003935   0.06834       127       640    0.5101     0.812    0.7904    0.4349   0.03767   0.02041  0.006009
   100/299     3.11G   0.03848   0.02751  0.004698   0.07069        71       640    0.6701    0.7841    0.7907    0.4336   0.03713   0.01844  0.004847
   101/299     3.11G   0.03751   0.02639  0.004557   0.06845       160       640    0.7024    0.7853    0.7947    0.4436   0.03749   0.01899  0.005878
   102/299     3.11G    0.0373   0.02544  0.004395   0.06714       102       640    0.4235    0.8514     0.803     0.432    0.0373   0.01881   0.00337
   103/299     3.11G   0.03783   0.02665  0.004756   0.06924        62       640    0.5419    0.8103    0.7966     0.435   0.03863    0.0192   0.00552
   104/299     3.11G   0.03699   0.02674  0.004143   0.06787        73       640    0.5356    0.8486    0.8144    0.4544   0.03653   0.01781  0.003574
   105/299     3.11G   0.03686   0.02647  0.004586   0.06791        65       640    0.3751    0.8791    0.8173    0.4555   0.03686    0.0205  0.003642
   106/299     3.11G   0.03732   0.02662  0.004629   0.06857        87       640     0.652    0.8058    0.8099    0.4294   0.03757   0.01835  0.004129
   107/299     3.11G   0.03707   0.02532  0.003999   0.06639        64       640    0.6273    0.8229    0.8088    0.4478   0.03692   0.01803   0.00338
   108/299     3.11G    0.0377   0.02629  0.004707    0.0687        78       640    0.5721    0.8266    0.7984    0.4311    0.0372   0.01753  0.004024
   109/299     3.11G   0.03674   0.02618  0.004559   0.06747       103       640    0.5415    0.8221    0.7913     0.425   0.03763    0.0185  0.003987
   110/299     3.11G   0.03644   0.02612  0.004316   0.06688        83       640    0.5923    0.8153    0.8084    0.4366   0.03734   0.01826  0.004068
   111/299     3.11G   0.03675    0.0261  0.003682   0.06653       106       640    0.5508    0.8483     0.811    0.4517   0.03607   0.01825  0.003458
   112/299     3.11G   0.03786   0.02614   0.00429   0.06829       107       640    0.5766    0.7946    0.7845    0.4313    0.0375   0.01868  0.007178
   113/299     3.11G   0.03735    0.0247   0.00419   0.06624        58       640    0.5549    0.7971    0.7956    0.4385   0.03696   0.01834  0.007658
   114/299     3.11G   0.03749   0.02611  0.004246   0.06784        99       640    0.6349    0.7854    0.7908    0.4395   0.03773   0.01877  0.004099
   115/299     3.11G   0.03723   0.02605  0.004976   0.06825       102       640    0.5887    0.8401    0.8191    0.4526   0.03659   0.01813  0.002996
   116/299     3.11G   0.03728   0.02677  0.004253   0.06831        67       640    0.5649    0.8195    0.8015    0.4473   0.03665   0.01868  0.003264
   117/299     3.11G   0.03663   0.02631  0.004214   0.06715       112       640    0.5039    0.8449    0.8062    0.4317   0.03699   0.01841  0.003614
   118/299     3.11G   0.03666   0.02633  0.005191   0.06818        99       640    0.5512    0.8187    0.8052    0.4395   0.03696   0.01819   0.00455
   119/299     3.11G   0.03768   0.02673    0.0035   0.06791        69       640    0.5532    0.8487    0.8184    0.4432   0.03682   0.01801  0.003382
   120/299     3.11G   0.03724   0.02756  0.003877   0.06868        75       640     0.593    0.8286    0.8043    0.4264   0.03695   0.01797  0.003986
   121/299     3.11G   0.03572   0.02532  0.004024   0.06506        91       640    0.5157    0.8564    0.8172    0.4603   0.03516   0.01771  0.003762
   122/299     3.11G     0.036   0.02567  0.004488   0.06616       121       640    0.6328    0.8221    0.8152    0.4534    0.0359   0.01819   0.00349
   123/299     3.11G   0.03625   0.02584  0.003933   0.06603       102       640    0.5731    0.8368    0.8185    0.4396    0.0367   0.01804  0.002932
   124/299     3.11G   0.03592   0.02527  0.003761   0.06494        93       640    0.5518    0.8084    0.7917    0.4483   0.03679   0.02008  0.003555
   125/299     3.11G   0.03628    0.0253  0.004207   0.06578        98       640    0.6353    0.8038     0.802    0.4517   0.03602   0.01859   0.00414
   126/299     3.11G   0.03584   0.02505  0.003826   0.06471        73       640    0.6502    0.8151    0.8146    0.4561   0.03522   0.01751  0.005928
   127/299     3.11G    0.0378   0.02627  0.003667   0.06774       118       640    0.5423    0.8325    0.7925    0.4276   0.03803   0.01801  0.004425
   128/299     3.11G   0.03698    0.0263  0.003827   0.06712        73       640     0.449    0.8644    0.8291    0.4616   0.03581   0.01842  0.004313
   129/299     3.11G   0.03664   0.02586   0.00394   0.06645        42       640    0.4455    0.8587    0.8157    0.4414   0.03705   0.01873  0.005794
   130/299     3.11G   0.03582   0.02563   0.00422   0.06567       106       640    0.6076    0.8229    0.8041    0.4342   0.03668   0.01799    0.0059
   131/299     3.11G    0.0359   0.02503  0.003881   0.06481        45       640    0.6429     0.817    0.8157    0.4431   0.03624   0.01797  0.004574
   132/299     3.11G   0.03616   0.02483  0.004435   0.06543        78       640    0.5465    0.8314     0.803    0.4402   0.03702    0.0184  0.003176
   133/299     3.11G   0.03634   0.02478  0.003764   0.06488        75       640    0.6206    0.8286    0.8222    0.4603   0.03606   0.01777  0.002928
   134/299     3.11G   0.03638    0.0264  0.003961   0.06674        90       640    0.6444    0.8157    0.8191    0.4476   0.03632   0.01784  0.004331
   135/299     3.11G   0.03643   0.02616  0.003526   0.06612        79       640    0.5754     0.818    0.8078     0.454   0.03543   0.01798  0.007692
   136/299     3.11G   0.03696   0.02513  0.003563   0.06566        96       640     0.514    0.8359    0.7985    0.4425   0.03706   0.01848  0.004256
   137/299     3.11G    0.0356   0.02496  0.003728   0.06429        76       640    0.6436     0.812     0.816    0.4497   0.03652   0.01815  0.003822
   138/299     3.11G   0.03649   0.02798  0.004344   0.06881       128       640    0.5238    0.8073    0.7916    0.4183   0.03888   0.02021  0.005807
   139/299     3.11G   0.03584   0.02581  0.003667   0.06532        75       640    0.5692    0.8469    0.8182    0.4465    0.0366   0.01867  0.002768
   140/299     3.11G   0.03635   0.02653  0.003808   0.06669        79       640    0.5905    0.8441    0.8206    0.4561   0.03564   0.01798  0.003941
   141/299     3.11G   0.03505   0.02427  0.003561   0.06288        57       640    0.7233     0.821    0.8225     0.456   0.03483   0.01778  0.003485
   142/299     3.11G   0.03593   0.02623  0.003737    0.0659        93       640    0.6021    0.8283    0.8179    0.4456   0.03684   0.01804  0.003953
   143/299     3.11G   0.03551   0.02378  0.003648   0.06294       101       640    0.6246    0.8494    0.8378    0.4605   0.03582   0.01784  0.002723
   144/299     3.11G   0.03623   0.02508  0.003257   0.06457        86       640    0.6433     0.834    0.8321    0.4553   0.03605   0.01766  0.004022
   145/299     3.11G   0.03498   0.02525  0.003518   0.06374       107       640     0.541    0.8655    0.8422    0.4738   0.03545   0.01746  0.003048
   146/299     3.11G   0.03486   0.02464  0.003828   0.06333        67       640    0.6431    0.8407    0.8348    0.4558   0.03576   0.01756  0.004162
   147/299     3.11G   0.03487   0.02406  0.003674   0.06261        65       640    0.7188    0.8153    0.8284     0.458   0.03535    0.0178  0.003942
   148/299     3.11G    0.0356   0.02551    0.0041   0.06521        75       640    0.4386    0.8526    0.8154    0.4469   0.03585   0.01924  0.004875
   149/299     3.11G   0.03596   0.02524  0.004415   0.06562       116       640    0.5743    0.8592    0.8314    0.4333   0.03738   0.01766  0.002739
   150/299     3.11G   0.03664   0.02523  0.004199   0.06608        70       640    0.6861    0.8083    0.8114     0.446    0.0362   0.01783  0.005091
   151/299     3.11G   0.03588   0.02629  0.003848   0.06602       116       640    0.6134    0.8291    0.8232    0.4532   0.03686    0.0179   0.00479
   152/299     3.11G   0.03515   0.02522  0.003814   0.06418       104       640    0.5371    0.8572    0.8273    0.4654   0.03488   0.01794  0.003643
   153/299     3.11G   0.03405   0.02556  0.003313   0.06292       197       640    0.6716    0.8264    0.8235    0.4668   0.03459   0.01793  0.004045
   154/299     3.11G   0.03485   0.02542  0.003365   0.06364       119       640    0.6687    0.8513    0.8322     0.458   0.03536   0.01751  0.002588
   155/299     3.11G   0.03442   0.02451  0.003342   0.06227        69       640    0.5087    0.8445    0.8201    0.4569   0.03634   0.01852  0.003618
   156/299     3.11G   0.03483   0.02509  0.003619   0.06354        51       640    0.6679    0.8516    0.8417    0.4616   0.03557   0.01753  0.003419
   157/299     3.11G   0.03557   0.02576  0.003734   0.06506        99       640    0.6824    0.8581    0.8466    0.4704   0.03501   0.01748  0.004013
   158/299     3.11G   0.03558   0.02491  0.003953   0.06444        74       640    0.5122    0.8726    0.8339    0.4656   0.03509   0.01779  0.003509
   159/299     3.11G   0.03456   0.02432  0.003586   0.06246        89       640    0.6644    0.8653    0.8511     0.469   0.03538   0.01755  0.002582
   160/299     3.11G   0.03563   0.02459  0.003453   0.06367        93       640    0.5938    0.8763    0.8424    0.4757   0.03481    0.0175  0.002558
   161/299     3.11G   0.03467   0.02465  0.003351   0.06267       119       640    0.6445    0.8552    0.8474    0.4625   0.03483   0.01723  0.005039
   162/299     3.11G   0.03458   0.02478  0.003039    0.0624       142       640    0.6243    0.8533    0.8283    0.4663    0.0346   0.01735  0.003749
   163/299     3.11G   0.03524   0.02471   0.00382   0.06377        71       640    0.5102    0.8683    0.8322     0.469   0.03444   0.01743  0.002958
   164/299     3.11G   0.03508   0.02427  0.003621   0.06297        71       640    0.5641    0.8382    0.8119    0.4534   0.03558   0.01819  0.003757
   165/299     3.11G   0.03572   0.02394  0.003576   0.06323        67       640    0.5531    0.8685     0.838    0.4617   0.03611   0.01768  0.004375
   166/299     3.11G   0.03423   0.02582  0.003805   0.06386       123       640    0.6304     0.846    0.8314    0.4633   0.03489   0.01744  0.003368
   167/299     3.11G   0.03432   0.02423  0.003296   0.06184        74       640    0.6392    0.8557    0.8407     0.469   0.03508   0.01736  0.002388
   168/299     3.11G   0.03415    0.0246  0.003277   0.06202        61       640    0.6752    0.8459     0.834    0.4627   0.03496   0.01715  0.003546
   169/299     3.11G   0.03452   0.02363  0.003224   0.06138        77       640    0.6221    0.8255     0.812    0.4501    0.0351   0.01791  0.004273
   170/299     3.11G   0.03441   0.02385  0.003914   0.06217       130       640    0.6218    0.8414    0.8318    0.4773   0.03458   0.01734  0.002944
   171/299     3.11G   0.03575    0.0245  0.003783   0.06403        91       640    0.4201    0.8475    0.8114    0.4619   0.03506    0.0196   0.00633
   172/299     3.11G    0.0354   0.02436  0.003494   0.06326       118       640    0.6197    0.8546    0.8439    0.4685   0.03476   0.01747  0.004158
   173/299     3.11G   0.03465   0.02338  0.003684   0.06172        52       640    0.6418    0.8554    0.8353    0.4731   0.03501    0.0174  0.003981
   174/299     3.11G   0.03429   0.02562  0.003436   0.06334       104       640    0.6557    0.8563    0.8469    0.4779   0.03482   0.01692  0.003515
   175/299     3.11G   0.03349   0.02322  0.003266   0.05998        55       640    0.5715    0.8713    0.8506     0.486   0.03406   0.01718  0.002677
   176/299     3.11G    0.0342   0.02579  0.002844   0.06283        88       640    0.5703     0.847    0.8269    0.4661   0.03472   0.01754  0.004032
   177/299     3.11G   0.03368   0.02393  0.002995   0.06061       132       640    0.7177    0.8283    0.8392    0.4801   0.03417   0.01747  0.004468
   178/299     3.11G   0.03344   0.02484  0.003213   0.06149        64       640    0.6282    0.8551    0.8424    0.4783   0.03435   0.01714  0.002561
   179/299     3.11G   0.03301   0.02571  0.003303   0.06203       131       640    0.6411    0.8493    0.8513    0.4829   0.03408   0.01741  0.004226
   180/299     3.11G   0.03378   0.02446  0.003372   0.06161       143       640    0.6476    0.8485    0.8414    0.4875   0.03343   0.01671  0.004041
   181/299     3.11G    0.0335   0.02407   0.00282   0.06039        88       640    0.6204    0.8715    0.8528    0.4723   0.03489   0.01716  0.003019
   182/299     3.11G   0.03343   0.02336  0.002722   0.05951       118       640    0.5829    0.8754     0.843    0.4865   0.03437   0.01714  0.003927
   183/299     3.11G   0.03388   0.02488  0.003001   0.06177       107       640    0.6493    0.8653    0.8479    0.4857   0.03419   0.01704  0.002896
   184/299     3.11G   0.03407   0.02389  0.004299   0.06226        78       640    0.6014      0.85    0.8391    0.4834   0.03404   0.01699  0.004939
   185/299     3.11G   0.03319   0.02432  0.003457   0.06097       134       640    0.6024    0.8637    0.8446    0.4783   0.03416   0.01703  0.003022
   186/299     3.11G     0.034   0.02303  0.004017   0.06105        80       640    0.5811    0.8621    0.8423     0.482   0.03448   0.01723  0.003257
   187/299     3.11G   0.03391    0.0229  0.003268   0.06008        67       640    0.6455    0.8391    0.8331    0.4767    0.0341   0.01735  0.003497
   188/299     3.11G   0.03413   0.02584   0.00335   0.06332        70       640    0.5744    0.8672    0.8434    0.4832    0.0341   0.01701  0.002681
   189/299     3.11G   0.03352   0.02379  0.003074   0.06039        57       640    0.6209    0.8642    0.8391    0.4767   0.03422   0.01725  0.002403
   190/299     3.11G   0.03333   0.02407  0.003199    0.0606        74       640    0.7062    0.8483    0.8469    0.4895   0.03388   0.01721  0.002783
   191/299     3.11G   0.03307   0.02422  0.003641   0.06094       118       640    0.5347    0.8872    0.8524    0.4866   0.03454   0.01734  0.002463
   192/299     3.11G   0.03383   0.02433  0.003044   0.06121        83       640    0.6331    0.8474    0.8428     0.483   0.03364   0.01683  0.004117
   193/299     3.11G   0.03293   0.02315  0.002592   0.05867        54       640    0.6474    0.8655    0.8564    0.4955   0.03302   0.01661  0.003137
   194/299     3.11G   0.03317   0.02422  0.002994   0.06038       138       640     0.605    0.8885    0.8615    0.4918   0.03284   0.01679  0.002855
   195/299     3.11G   0.03291    0.0228  0.002807   0.05852        74       640    0.6337    0.8663     0.854    0.4968   0.03341   0.01677  0.002211
   196/299     3.11G   0.03303   0.02456  0.002905    0.0605        89       640    0.6703    0.8498    0.8409    0.4793   0.03444   0.01716  0.003015
   197/299     3.11G   0.03263   0.02452  0.002926   0.06008        65       640    0.6303    0.8663    0.8456    0.4886   0.03366   0.01702  0.003301
   198/299     3.11G   0.03353   0.02459  0.002964   0.06108       126       640    0.6056    0.8874     0.861    0.4864   0.03374   0.01666  0.002845
   199/299     3.11G   0.03261   0.02401  0.003122   0.05973        93       640    0.7276    0.8571     0.859    0.4849   0.03364   0.01695   0.00488
   200/299     3.11G   0.03251   0.02546  0.003214   0.06119       107       640    0.6754    0.8692    0.8548    0.5035   0.03313   0.01683  0.002573
   201/299     3.11G   0.03248   0.02353  0.003281    0.0593       108       640    0.5478    0.8858    0.8604    0.4886    0.0334    0.0173  0.002628
   202/299     3.11G   0.03256   0.02449  0.003315   0.06036       120       640    0.6224    0.8674    0.8569     0.486   0.03337    0.0168  0.003604
   203/299     3.11G    0.0324    0.0252  0.003247   0.06085        90       640    0.6615    0.8409      0.84     0.488   0.03355   0.01701  0.002691
   204/299     3.11G   0.03303   0.02383  0.002557   0.05942        78       640    0.6572    0.8635    0.8567    0.4871   0.03418   0.01686  0.003091
   205/299     3.11G   0.03204   0.02356   0.00283   0.05844        61       640    0.5934    0.8932    0.8651    0.4955   0.03357   0.01687  0.002326
   206/299     3.11G   0.03177     0.024  0.002405   0.05817        64       640    0.6607    0.8755    0.8579    0.4939   0.03302    0.0167   0.00291
   207/299     3.11G   0.03196   0.02463   0.00262   0.05921       140       640    0.6124     0.875    0.8577    0.4877   0.03379   0.01677  0.002454
   208/299     3.11G     0.032   0.02305  0.003462   0.05852        67       640    0.6817     0.847    0.8498    0.4905   0.03329   0.01697  0.004012
   209/299     3.11G    0.0324   0.02308  0.002949   0.05843        96       640    0.6275    0.8733    0.8558    0.4894   0.03357   0.01672  0.002514
   210/299     3.11G   0.03241   0.02348  0.002992   0.05888        77       640    0.5937    0.8715    0.8531    0.4874   0.03437   0.01684  0.003039
   211/299     3.11G   0.03158   0.02293  0.002886    0.0574       139       640    0.6546    0.8572    0.8509    0.4815   0.03382   0.01668  0.003414
   212/299     3.11G   0.03242   0.02237  0.002828   0.05762        67       640    0.6004     0.883      0.86    0.4974   0.03312   0.01675  0.003038
   213/299     3.11G   0.03226    0.0231  0.002549   0.05791        86       640     0.692    0.8461    0.8497    0.4954   0.03335    0.0168  0.004021
   214/299     3.11G   0.03138   0.02247  0.002082   0.05593        74       640    0.6109    0.8831    0.8583    0.4969   0.03351   0.01678  0.002184
   215/299     3.11G    0.0319   0.02185  0.002921   0.05668        62       640     0.707    0.8618    0.8624    0.4995   0.03294   0.01645  0.002358
   216/299     3.11G   0.03178   0.02355  0.002619   0.05796        85       640    0.6561    0.8707    0.8609    0.4879   0.03341   0.01664  0.002819
   217/299     3.11G   0.03182   0.02306  0.002753   0.05763        51       640    0.6234    0.8759    0.8526    0.4932   0.03351     0.017   0.00326
   218/299     3.11G   0.03157    0.0235   0.00244    0.0575       171       640    0.6599    0.8515     0.849    0.4855   0.03384   0.01691   0.00354
   219/299     3.11G   0.03172   0.02249  0.002715   0.05693       141       640    0.6437    0.8917    0.8676     0.492   0.03314   0.01667   0.00227
   220/299     3.11G   0.03131   0.02293  0.002505   0.05674        70       640    0.6708    0.8481    0.8434    0.4884    0.0334   0.01682   0.00391
   221/299     3.11G   0.03135   0.02241  0.002429   0.05619       120       640    0.6266    0.8859    0.8648    0.4943   0.03338   0.01651  0.002585
   222/299     3.11G   0.03171   0.02392  0.002513   0.05813       109       640    0.6418    0.8689    0.8589    0.4987   0.03276   0.01639    0.0024
   223/299     3.11G   0.03089    0.0221  0.002572   0.05555        59       640    0.7289    0.8422    0.8543    0.5021   0.03274   0.01696  0.003462
   224/299     3.11G   0.03115   0.02385  0.002747   0.05775       104       640    0.6185    0.8639    0.8517    0.4945   0.03344   0.01679  0.003125
   225/299     3.11G   0.03118   0.02457  0.002545    0.0583        69       640     0.665    0.8744     0.864    0.5015   0.03311   0.01646  0.002802
   226/299     3.11G   0.03098    0.0239  0.002613   0.05749        68       640    0.6579    0.8669    0.8594    0.5049   0.03288    0.0167  0.002994
   227/299     3.11G   0.03124     0.023  0.002992   0.05723        80       640    0.7036    0.8614    0.8565    0.5069   0.03267   0.01682  0.002747
   228/299     3.11G   0.03113    0.0227  0.002406   0.05623        97       640    0.6741    0.8601    0.8527    0.4983   0.03296   0.01669  0.002505
   229/299     3.11G   0.03116   0.02277  0.002153   0.05608        93       640    0.5623    0.8807    0.8489    0.4927   0.03305   0.01692  0.002948
   230/299     3.11G   0.03137   0.02301   0.00329   0.05767        66       640    0.6704    0.8693    0.8521    0.4917   0.03303   0.01685  0.003632
   231/299     3.11G   0.03012   0.02387  0.002669   0.05665        61       640    0.6678    0.8713    0.8575    0.4955   0.03312   0.01682  0.002278
   232/299     3.11G   0.03092   0.02358   0.00256   0.05706       155       640    0.6373    0.8787    0.8623    0.5077   0.03269   0.01663  0.002208
   233/299     3.11G   0.03121   0.02223   0.00257   0.05601        85       640    0.6879    0.8622    0.8596    0.5001   0.03302   0.01654  0.003248
   234/299     3.11G   0.03097   0.02267  0.002524   0.05616        71       640    0.6624    0.8761    0.8596    0.4978   0.03276   0.01637  0.002357
   235/299     3.11G   0.03067   0.02135  0.002098   0.05412        99       640    0.6925    0.8572    0.8594    0.4962   0.03369   0.01672  0.002632
   236/299     3.11G   0.03135   0.02397  0.002501   0.05782        78       640    0.6304    0.8878    0.8687    0.5106   0.03232    0.0165  0.002431
   237/299     3.11G   0.03107    0.0223  0.002521    0.0559        51       640    0.6266    0.8826    0.8627    0.4959   0.03306   0.01657   0.00275
   238/299     3.11G   0.03159   0.02513  0.002342   0.05906       125       640     0.695    0.8674    0.8665    0.5053   0.03269   0.01644  0.002762
   239/299     3.11G   0.03102    0.0218  0.002794   0.05561        75       640    0.5839    0.8896    0.8651    0.5109   0.03254   0.01653  0.002229
   240/299     3.11G   0.03069   0.02199  0.002216    0.0549        64       640    0.6943    0.8719    0.8672    0.5072   0.03234   0.01664  0.002765
   241/299     3.11G   0.03053     0.022  0.002259   0.05479        69       640    0.6755    0.8704    0.8614    0.5066   0.03267   0.01656  0.002733
   242/299     3.11G   0.03052   0.02173  0.002491   0.05474        67       640    0.6468     0.877    0.8623    0.5032   0.03293    0.0167  0.003327
   243/299     3.11G   0.03053   0.02273  0.002422   0.05568       109       640    0.6867    0.8722     0.863    0.4997   0.03305   0.01639  0.003303
   244/299     3.11G   0.03024   0.02289  0.002145   0.05527       116       640    0.6456    0.8657    0.8584    0.4982   0.03328    0.0167  0.002501
   245/299     3.11G   0.03101    0.0228  0.002296    0.0561       127       640    0.6075    0.8689    0.8569    0.5018   0.03337   0.01668  0.002687
   246/299     3.11G   0.03034   0.02214  0.002256   0.05474       111       640    0.6669    0.8791    0.8653     0.504   0.03303   0.01649  0.002205
   247/299     3.11G   0.03021   0.02235  0.002561   0.05511        52       640    0.6812    0.8807    0.8695    0.5117   0.03255   0.01624   0.00188
   248/299     3.11G   0.03094   0.02281  0.002248   0.05601        89       640    0.6977     0.875    0.8688    0.5114   0.03279   0.01619  0.002648
   249/299     3.11G   0.03043   0.02154  0.002318   0.05428        72       640    0.6698    0.8826     0.863    0.5115   0.03248   0.01627  0.002428
   250/299     3.11G   0.03012   0.02361  0.002429   0.05615        52       640    0.6663    0.8652    0.8547    0.5092   0.03256   0.01646  0.002839
   251/299     3.11G   0.03071   0.02221  0.002374    0.0553        64       640    0.6566    0.8673    0.8583    0.5043   0.03315   0.01641  0.002074
   252/299     3.11G    0.0318   0.02408   0.00231   0.05819        51       640    0.6977    0.8759    0.8598    0.4985   0.03244   0.01642  0.002427
   253/299     3.11G    0.0302   0.02191  0.002303   0.05441       110       640    0.6386    0.8798    0.8587    0.5082   0.03262   0.01663  0.001937
   254/299     3.11G   0.03072   0.02127  0.002665   0.05465        97       640    0.6056    0.8874    0.8631    0.5095   0.03266   0.01676   0.00254
   255/299     3.11G   0.03041   0.02153  0.002629   0.05457        83       640     0.662     0.885    0.8685    0.5149   0.03211   0.01653  0.002257
   256/299     3.11G   0.03085   0.02301  0.002595   0.05646       109       640    0.6825    0.8691     0.867    0.5137   0.03255   0.01636  0.002112
   257/299     3.11G   0.03086   0.02267  0.002475   0.05601        73       640    0.6375    0.8794    0.8651    0.5043   0.03259    0.0164  0.002339
   258/299     3.11G   0.02979   0.02193  0.002863   0.05458        63       640    0.5884    0.8794    0.8565    0.5127   0.03253   0.01641   0.00258
   259/299     3.11G   0.03039   0.02298  0.002269   0.05563        71       640    0.6829    0.8702    0.8623    0.5097   0.03268    0.0163   0.00207
   260/299     3.11G   0.03089   0.02263   0.00217   0.05569        60       640    0.6665    0.8748    0.8609    0.5136    0.0324   0.01632  0.002173
   261/299     3.11G   0.02994   0.02183  0.001841   0.05361        67       640    0.7013     0.874    0.8668    0.5126   0.03219   0.01637  0.002779
   262/299     3.11G   0.02995   0.02202  0.002057   0.05402        85       640    0.6563    0.8874    0.8716    0.5172   0.03194   0.01624  0.002563
   263/299     3.11G   0.02948   0.02244  0.002203   0.05413       150       640    0.6728    0.8794    0.8723    0.5158   0.03247    0.0163  0.002657
   264/299     3.11G   0.03003   0.02186  0.001955   0.05384        71       640    0.6982    0.8769    0.8669     0.513   0.03236    0.0163  0.002185
   265/299     3.11G   0.03001   0.02199  0.002136   0.05414       145       640    0.6528    0.8887    0.8691    0.5183   0.03217   0.01624  0.002578
   266/299     3.11G   0.02996   0.02178   0.00239   0.05413        75       640    0.6879    0.8773    0.8649    0.5115   0.03221   0.01615  0.002797
   267/299     3.11G   0.02935   0.02181  0.002323   0.05349        64       640    0.7142    0.8665     0.862     0.502   0.03246   0.01653  0.002371
   268/299     3.11G   0.02968    0.0221  0.002421    0.0542        97       640    0.6302    0.8815    0.8626    0.5021   0.03252   0.01644  0.002581
   269/299     3.11G    0.0301   0.02228  0.001992   0.05437        83       640    0.6814    0.8798    0.8673    0.5147   0.03194   0.01608  0.003064
   270/299     3.11G   0.02927   0.02055  0.001841   0.05167        64       640    0.7045    0.8759    0.8669    0.5143   0.03203   0.01628  0.002903
   271/299     3.11G   0.02905   0.02084  0.001748   0.05164        74       640    0.6899    0.8759    0.8665    0.5102   0.03257   0.01629  0.002993
   272/299     3.11G   0.02917   0.02107   0.00201   0.05225        71       640    0.6663    0.8765    0.8706    0.5079   0.03232   0.01619  0.002553
   273/299     3.11G   0.02906   0.02102  0.002024    0.0521        91       640    0.6698    0.8813    0.8661    0.5094   0.03177    0.0162  0.002491
   274/299     3.11G   0.02913   0.02097  0.002201    0.0523        75       640    0.7041    0.8689    0.8675    0.5178   0.03189   0.01647  0.002227
   275/299     3.11G   0.02992   0.02054  0.002076   0.05254       110       640    0.6673    0.8737    0.8688    0.5158   0.03209   0.01636  0.002136
   276/299     3.11G   0.02992   0.02164  0.002125   0.05368       122       640    0.6866    0.8615    0.8656    0.5139   0.03226   0.01625   0.00276
   277/299     3.11G   0.02928   0.02158  0.001999   0.05286        85       640    0.6975    0.8665    0.8628    0.5123   0.03212   0.01619  0.002868
   278/299     3.11G   0.02983   0.02208  0.002103   0.05401        79       640    0.6618     0.883    0.8667    0.5078   0.03238   0.01624  0.002737
   279/299     3.11G   0.02922   0.02165  0.002619   0.05349        98       640    0.6827    0.8657    0.8628    0.5032   0.03241   0.01662   0.00283
   280/299     3.11G   0.02937   0.02183  0.002184   0.05338        63       640    0.6416    0.8655    0.8527    0.5078   0.03203   0.01654  0.003546
   281/299     3.11G    0.0289   0.02232  0.001885   0.05311        60       640    0.6821     0.869    0.8649    0.5079   0.03249   0.01652  0.002668
   282/299     3.11G   0.02972   0.02206  0.002357   0.05413        92       640    0.6571    0.8835    0.8668    0.5109    0.0322   0.01639  0.002654
   283/299     3.11G   0.02935   0.02124   0.00193   0.05252        96       640    0.6627    0.8781    0.8688    0.5173   0.03206    0.0162  0.002425
   284/299     3.11G    0.0298   0.02117  0.001934    0.0529        76       640    0.6698     0.872    0.8631    0.5043   0.03288   0.01646  0.002255
   285/299     3.11G   0.02901   0.02038  0.001981   0.05137        79       640    0.6771    0.8644    0.8574    0.5026   0.03311   0.01639  0.003029
   286/299     3.11G   0.02856   0.02058  0.002187   0.05133        89       640    0.7033    0.8596    0.8591    0.5028   0.03272   0.01665  0.002925
   287/299     3.11G   0.03003   0.02253  0.002428   0.05499       101       640     0.688    0.8618    0.8639    0.5027   0.03247   0.01641  0.002874
   288/299     3.11G   0.02924   0.02156  0.002303    0.0531        63       640    0.6602    0.8715    0.8652     0.508    0.0324   0.01622  0.002392
   289/299     3.11G   0.02955   0.02219  0.002127   0.05387        95       640    0.6671    0.8719    0.8707    0.5059   0.03262   0.01633  0.003215
   290/299     3.11G   0.02905   0.02099  0.001994   0.05203        65       640    0.7036    0.8724    0.8675    0.5133    0.0324    0.0164  0.002981
   291/299     3.11G   0.02962   0.02148   0.00239   0.05349        83       640    0.7145    0.8601    0.8579    0.5093   0.03246   0.01648   0.00237
   292/299     3.11G   0.02852   0.02132  0.002025   0.05187       132       640    0.6983    0.8687    0.8692    0.5087   0.03223   0.01619  0.003506
   293/299     3.11G   0.02865   0.02166  0.002066   0.05238        73       640    0.6543    0.8743     0.867    0.5105   0.03203   0.01613  0.003448
   294/299     3.11G   0.02884   0.02081  0.002014   0.05166        81       640    0.6647    0.8858    0.8699    0.5138   0.03218   0.01607  0.002454
   295/299     3.11G   0.02905   0.02288  0.002044   0.05397        65       640    0.6709     0.873    0.8682    0.5133    0.0323   0.01629  0.002545
   296/299     3.11G   0.02969   0.02174  0.001772    0.0532       142       640    0.6827    0.8822    0.8709    0.5185   0.03188   0.01624   0.00273
   297/299     3.11G   0.02883   0.02133  0.001783   0.05194        82       640    0.6543    0.8778    0.8698    0.5144   0.03194   0.01621  0.002855
   298/299     3.11G   0.02885   0.02039  0.001989   0.05123        84       640     0.717    0.8624    0.8668    0.5145   0.03191   0.01602  0.002893
   299/299     3.11G   0.02879   0.02132  0.001727   0.05184        56       640    0.6524    0.8741     0.865     0.517   0.03191   0.01619  0.002968
